0
1
2
3
4
5
6
7
11
12
13
14
15
16
17
18
19
20
21
24
25
26
27
28
29
30
31
32
33
34
35
36
37
38
41
42
43
44
45
46
47
51
52
53
55
56
57
58
59
60
62
63
65
67
68
69
70
72
73
74
75
76
77
78
79
80
82
83
84
85
86
87
88
89
90
91
92
93
94
95
97
100
101
102
103
104
105
106
107
108
109
110
111
112
113
114
115
116
119
120
121
122
123
124
126
127
128
129
130
133
134
135
136
137
138
140
141
143
144
145
146
147
148
149
150
151
152
153
154
155
156
158
159
160
161
162
163
164
165
166
168
169
170
171
172
175
176
178
179
180
181
182
183
184
185
186
187
188
190
192
193
194
196
197
198
199
200
201
205
206
207
208
209
211
212
213
214
215
216
218
219
221
222
224
227
228
229
230
232
233
236
237
239
240
241
242
243
244
245
250
251
252
254
255
256
257
259
260
261
262
263
264
265
268
269
270
271
272
273
274
275
276
277
278
279
281
282
283
285
287
289
290
291
292
293
294
295
296
297
298
299
300
301
302
303
304
305
306
307
309
310
311
312
314
315
316
317
319
320
321
324
325
326
327
329
330
332
333
334
335
336
337
338
339
341
342
343
344
345
346
347
349
350
351
352
354
356
357
358
359
360
361
363
364
366
368
369
371
372
373
374
375
376
377
378
379
380
382
383
384
385
386
387
389
390
391
392
393
394
395
396
397
400
401
402
404
405
406
407
408
409
410
412
416
417
418
419
420
421
422
424
425
426
427
428
429
430
431
432
433
434
435
437
438
439
440
441
442
443
444
447
448
451
452
453
455
457
458
459
461
462
463
464
465
467
469
470
471
472
473
474
475
477
478
480
481
483
484
485
486
487
488
489
490
492
493
496
497
498
499
501
502
503
504
505
508
510
511
512
513
515
517
519
520
521
522
524
525
526
528
531
532
533
534
536
537
538
540
541
542
543
544
545
546
548
549
550
551
552
553
555
556
557
558
559
562
563
564
565
566
567
568
569
570
571
572
573
574
575
576
577
578
580
582
583
584
585
587
588
589
592
594
596
597
598
599
600
601
602
603
604
605
606
608
609
610
611
613
614
615
616
617
618
620
621
622
625
626
627
628
629
630
631
632
633
634
635
636
637
638
639
641
642
645
646
647
648
649
650
651
653
654
655
656
657
658
659
660
661
662
663
664
665
666
669
670
671
672
673
674
675
676
677
678
679
680
681
682
683
684
685
686
687
688
691
692
695
696
697
698
699
700
701
702
703
704
705
706
707
710
711
712
713
714
715
718
719
720
721
723
724
725
726
727
728
730
731
732
734
735
736
737
738
740
741
742
743
744
745
746
747
748
749
750
751
752
753
755
756
757
758
759
760
763
764
765
766
767
768
769
770
771
773
774
775
776
779
782
787
788
789
790
791
792
793
794
795
796
797
802
803
804
805
806
807
808
809
810
811
813
814
815
816
817
819
820
821
822
823
824
825
826
827
828
829
831
832
833
834
835
836
837
838
839
840
841
842
844
847
848
849
850
851
852
853
854
855
856
858
859
864
866
868
869
874
875
876
877
879
880
881
882
883
884
885
886
887
888
889
890
891
892
893
894
895
896
897
899
900
901
902
903
904
906
909
910
911
912
913
914
915
916
917
918
919
920
921
922
923
924
925
926
927
928
929
930
933
935
936
937
938
939
940
942
943
944
945
946
947
948
949
950
951
952
954
955
956
957
958
960
961
962
963
964
965
966
969
970
972
973
974
975
976
978
979
980
981
982
983
984
985
986
987
988
990
991
992
993
995
996
997
998
999
1000
1001
1002
1003
1004
1006
1007
1010
1011
1012
1013
1015
1016
1018
1021
1022
1023
1024
1025
1026
1027
1028
1029
1030
1031
1032
1033
1034
1035
1036
1037
1038
1039
1040
1041
1043
1045
1048
1049
1051
1053
1055
1056
1057
1058
1060
1062
1063
1065
1066
1067
1070
1071
1072
1073
1074
1075
1077
1078
1079
1080
1081
1082
1083
1084
1086
1087
1088
1089
1091
1092
1093
1094
1095
1096
